99 100
12.47 39.57 14.55 40.55 19.43 59.05 54.74 49.50 33.38 70.58 67.62 80.81 34.41 81.52 42.83 61.23 20.64 63.17 25.61 27.84 90.62 19.06 83.23 67.07 26.14 89.80 11.25 44.42 90.33 28.51 85.68 69.10 62.15 90.35 30.08 33.55 53.41 95.86 19.85 32.82 94.90 82.63 98.48 16.63 38.18 33.30 76.52 36.82 10.20 48.10 54.13 34.40 28.46 46.43 58.33 29.54 53.52 55.51 73.75 27.15 27.77 93.03 29.46 54.34 56.05 90.07 62.47 81.25 58.29 20.48 44.29 24.13 32.73 25.22 29.81 32.97 65.39 41.51 80.24 70.53 77.03 96.51 58.29 59.65 36.13 12.49 85.90 96.85 27.34 19.55 21.28 47.24 73.31 18.00 82.77 67.71 33.34 53.74 23.52 74.02
57.31 24.38 11.11 70.83 33.19 40.23 50.59 80.23 60.79 52.06 32.74 95.88 52.55 56.80 13.22 68.02 37.45 35.05 37.84 78.41 59.54 53.35 28.99 95.46 35.54 71.89 13.70 43.90 85.02 38.38 67.36 97.22 58.75 69.94 43.45 23.32 16.20 72.17 70.33 47.38 52.19 96.60 71.33 36.57 41.67 95.27 16.63 58.62 51.65 12.51 67.78 68.94 30.10 61.29 49.81 70.49 61.01 65.33 50.86 20.43 60.01 10.96 27.26 63.51 83.05 93.95 70.77 14.28 80.73 32.47 25.45 72.50 57.31 64.39 67.57 43.33 46.22 92.59 67.25 32.03 85.27 41.58 51.76 28.62 57.29 43.86 25.63 17.88 27.35 53.35 71.79 47.39 26.72 42.50 35.69 63.38 16.44 23.29 73.39 30.70
81.27 64.24 66.89 22.90 48.76 34.84 55.09 76.96 95.81 39.70 94.75 84.66 56.02 25.55 63.43 86.96 97.71 88.30 19.87 26.16 87.64 84.95 78.35 89.87 94.09 88.59 59.35 53.67 77.24 91.07 93.22 16.44 49.72 97.25 46.45 41.06 61.62 88.97 79.46 52.29 58.25 97.88 21.95 20.54 16.27 45.74 96.66 52.37 68.48 68.32 48.03 33.40 50.36 22.58 39.68 54.05 40.61 92.38 56.66 56.90 52.94 94.10 92.90 36.50 85.66 95.06 36.96 21.93 70.57 31.32 75.60 69.18 38.95 15.93 14.91 73.11 15.63 24.13 60.49 15.06 32.64 87.97 28.12 14.35 92.58 40.13 62.50 30.84 43.49 88.23 47.02 62.04 98.97 18.57 88.73 54.94 23.02 58.26 75.74 48.48
10.85 90.85 35.12 74.73 89.25 69.44 49.12 22.31 46.71 15.10 57.45 91.41 84.39 47.75 45.98 53.55 71.64 90.73 73.11 16.70 40.35 22.07 73.29 79.61 16.15 12.19 94.87 90.55 56.30 74.91 25.92 36.97 21.65 97.36 54.34 67.78 67.33 81.78 87.81 86.25 36.55 91.51 88.75 62.54 81.40 19.38 78.27 84.77 80.20 58.09 18.37 95.22 81.31 60.55 61.26 42.41 35.44 39.95 59.23 68.83 40.37 74.27 83.90 61.80 77.82 60.66 39.76 45.40 49.70 86.16 71.28 95.39 30.44 92.64 82.32 57.15 50.99 10.63 67.06 91.39 69.98 11.11 80.17 79.38 30.72 80.67 16.89 86.98 78.54 84.59 96.88 65.98 24.35 61.47 14.21 78.46 43.34 21.07 48.82 15.32
67.50 39.22 71.87 80.07 70.67 68.62 16.38 15.46 17.56 94.15 64.81 52.89 36.05 37.09 86.87 74.29 55.99 18.90 17.71 24.08 13.16 16.45 34.87 33.37 26.29 45.62 60.82 57.87 44.04 39.68 20.14 48.92 42.22 45.84 71.53 93.59 84.51 30.04 80.20 37.47 98.72 97.59 75.19 92.20 12.53 32.91 82.24 19.17 75.77 73.41 96.06 46.32 16.03 42.90 68.26 33.89 53.82 47.61 48.82 19.77 87.26 81.54 55.76 69.12 48.87 84.98 13.70 32.07 37.49 22.03 27.54 15.12 29.75 91.99 71.94 40.89 33.11 84.29 63.30 40.63 26.52 61.25 34.95 82.46 97.48 10.76 40.61 84.68 59.14 47.31 13.46 91.72 24.19 15.38 90.58 52.80 54.40 34.51 67.43 55.11
67.93 11.04 90.22 84.36 91.43 50.98 13.89 27.40 10.34 35.74 74.51 21.29 55.33 89.70 82.12 78.53 30.45 17.27 36.86 31.65 79.80 29.68 22.62 54.20 82.77 33.44 10.51 61.63 26.18 14.77 26.51 91.51 25.47 17.10 55.71 74.92 41.81 45.86 77.21 57.15 13.96 57.55 55.38 74.93 61.33 13.75 70.16 47.18 66.65 59.58 18.05 54.56 12.00 82.43 32.41 66.46 27.86 53.81 75.44 28.08 86.12 98.15 66.12 53.42 86.57 30.38 12.00 65.26 84.88 51.31 41.18 67.08 40.72 23.54 56.88 22.36 72.23 77.20 10.17 63.07 63.66 93.53 88.21 51.48 82.55 72.71 79.07 70.52 76.62 16.53 50.72 27.61 15.96 69.94 55.81 70.04 49.95 43.23 17.46 87.00
58.44 28.22 95.71 87.10 73.27 59.10 32.54 48.29 62.01 64.30 60.89 96.55 50.77 23.37 75.39 53.42 98.35 41.95 89.67 72.63 94.45 74.18 13.33 37.83 56.89 27.84 78.95 28.96 53.47 58.07 35.66 41.23 81.61 24.65 84.40 85.98 57.64 65.96 79.66 47.01 19.15 37.75 51.12 80.04 16.23 57.91 37.55 19.25 37.98 55.93 28.19 73.56 62.02 36.22 19.34 13.57 77.23 46.37 27.84 23.59 51.11 98.39 40.38 22.69 54.24 84.52 89.28 72.65 27.92 61.70 20.63 32.08 85.15 62.29 75.94 54.96 59.38 82.25 79.35 66.97 12.29 89.59 62.71 30.87 34.56 37.50 38.06 52.58 37.08 32.35 98.55 38.60 83.20 61.19 51.26 12.86 63.49 59.51 12.31 63.63
33.18 83.43 59.34 35.42 58.12 72.75 17.55 72.90 83.80 55.34 35.36 34.94 51.76 53.58 41.45 13.59 14.01 70.40 45.44 95.20 90.15 84.10 43.87 91.65 69.35 13.67 59.09 63.31 18.96 19.12 18.05 10.64 90.77 30.03 86.34 70.56 90.22 49.73 35.32 29.15 19.22 81.68 62.32 96.89 84.14 63.51 41.07 71.08 32.09 22.50 62.67 19.12 35.93 54.49 55.97 93.31 73.69 16.03 79.82 81.85 20.99 36.02 71.81 68.25 80.13 22.60 16.04 46.43 96.83 36.67 81.98 28.63 61.11 10.29 59.71 38.15 70.86 73.09 96.19 57.77 13.22 47.61 62.13 11.46 25.08 92.84 64.04 32.68 26.35 75.20 98.36 31.79 53.42 19.49 42.76 34.65 86.31 49.88 62.21 46.13
56.43 78.50 54.48 69.45 24.72 89.25 91.72 61.69 56.79 43.87 86.43 75.84 92.83 38.86 67.75 73.28 31.85 29.98 29.18 10.48 16.73 78.21 82.92 61.18 84.07 29.27 14.40 59.26 47.11 38.50 86.51 14.84 88.81 28.57 13.63 64.34 60.31 81.93 61.55 15.48 71.40 67.76 86.24 12.57 78.56 42.01 35.27 15.08 83.44 68.10 11.27 72.77 79.17 17.04 42.78 18.64 26.98 61.31 53.65 91.10 98.34 71.94 56.04 14.82 38.45 21.62 89.89 80.26 23.34 16.12 57.44 36.63 75.48 47.74 22.83 63.64 89.57 51.63 22.15 80.59 76.43 68.10 59.28 15.05 58.72 64.85 73.97 39.89 23.64 25.60 29.48 62.77 54.71 87.78 43.70 38.21 90.71 64.51 79.22 27.76
80.16 51.23 78.38 89.44 82.06 32.87 17.80 41.13 88.74 25.13 40.75 84.89 39.78 45.36 83.71 58.02 74.12 82.99 21.73 80.23 25.59 10.33 19.50 27.31 12.66 33.35 53.25 63.69 75.03 19.49 77.86 13.52 61.36 48.08 34.82 96.53 15.16 67.47 70.69 69.13 83.49 24.73 88.11 54.68 69.85 63.68 47.09 79.56 13.64 89.05 78.57 53.65 22.46 79.32 44.76 23.01 49.67 90.63 21.46 95.58 10.50 12.21 71.15 38.27 42.03 47.22 49.95 81.96 32.86 23.45 58.50 16.25 21.45 74.94 40.67 50.75 98.44 73.15 95.67 95.38 83.79 98.71 28.76 39.25 93.41 84.15 65.08 35.37 90.86 98.71 21.71 50.93 59.71 13.65 47.55 66.87 55.97 13.77 17.10 84.04
74.82 45.39 65.63 67.90 20.03 75.07 37.12 72.29 44.91 27.52 60.03 77.40 16.25 93.12 91.27 30.13 30.36 65.22 50.33 28.56 28.71 12.94 24.31 64.52 88.61 41.22 92.04 60.27 31.11 60.09 71.32 91.99 97.05 56.07 42.79 76.57 47.90 69.75 97.57 85.50 26.68 58.13 15.74 41.72 41.95 67.90 39.71 50.66 91.38 63.32 92.82 62.29 63.82 78.07 12.59 72.49 88.33 73.94 28.77 96.31 84.18 78.32 72.27 43.33 61.31 90.39 41.32 12.76 85.52 39.39 80.38 13.20 26.32 39.04 29.03 49.56 12.42 24.15 76.98 96.60 38.96 52.53 41.06 76.10 19.05 67.16 47.08 95.11 31.20 58.36 78.60 15.27 71.22 12.13 61.11 20.67 83.77 28.54 87.15 38.95
27.02 62.43 41.95 69.35 77.18 59.47 29.98 17.71 81.81 29.59 98.21 79.33 81.96 84.62 52.76 42.77 19.67 69.95 35.15 10.67 42.77 16.26 94.23 15.06 93.49 79.05 53.13 76.21 53.43 97.30 89.04 26.29 70.46 72.94 63.52 60.96 50.09 45.02 86.82 18.01 13.20 30.06 56.93 51.83 66.89 59.73 42.72 55.10 74.83 80.71 54.22 80.77 74.12 68.14 39.90 77.77 30.52 60.74 93.93 86.83 93.55 94.80 25.72 10.47 60.21 26.96 77.01 39.54 85.15 30.93 78.08 95.69 60.68 92.36 92.51 43.93 16.59 67.39 40.27 44.44 58.28 70.38 28.98 61.95 52.17 43.69 52.89 52.06 28.95 83.43 97.74 85.11 81.50 44.34 79.86 56.01 28.94 30.47 81.11 46.20
23.33 95.57 79.94 13.45 30.79 30.61 78.08 79.61 48.54 18.29 63.00 36.52 20.80 94.68 82.02 11.33 24.59 73.00 68.46 90.95 49.88 40.91 10.02 18.99 64.87 68.57 30.40 50.40 28.80 16.87 65.07 11.26 10.65 39.90 54.80 19.49 93.82 77.90 53.49 26.78 67.79 25.56 36.32 96.49 17.87 82.64 34.69 43.36 56.77 72.02 40.05 29.13 70.39 83.50 71.35 88.91 34.61 87.89 23.26 87.01 94.22 37.32 51.42 63.47 62.25 43.16 17.06 77.34 52.13 27.70 63.63 59.51 84.20 89.30 25.19 25.62 53.95 49.36 94.05 74.30 48.83 39.32 56.21 77.75 40.81 36.14 67.09 54.54 74.03 31.04 73.79 85.65 35.31 11.35 17.86 90.36 54.34 83.89 96.12 32.72
26.10 82.02 31.02 35.78 29.55 19.75 87.30 27.56 92.27 90.81 48.38 32.30 81.97 66.37 66.36 12.77 32.83 55.81 84.06 25.40 19.30 22.18 84.66 85.18 71.56 36.14 96.23 56.66 96.68 96.56 27.66 20.34 90.59 90.34 87.18 98.24 83.68 97.21 42.57 85.16 49.05 36.32 54.97 64.80 93.08 80.04 73.79 53.50 15.70 70.51 97.90 41.95 19.23 55.45 87.83 87.86 91.71 60.47 27.09 72.45 92.04 41.08 12.73 53.41 94.29 49.57 83.13 83.84 18.99 72.77 48.09 77.13 56.64 60.12 96.86 65.74 91.38 51.07 86.21 67.95 78.46 24.27 16.65 12.47 97.77 17.68 18.05 40.60 41.60 92.05 47.98 52.02 70.73 43.29 73.95 51.45 37.45 37.57 97.61 59.89
43.64 20.62 30.24 39.30 80.16 73.10 18.57 89.57 36.56 82.48 21.47 95.95 51.04 11.14 44.80 64.26 98.91 97.62 86.74 58.88 35.30 20.45 57.71 38.48 42.74 25.42 96.03 58.82 65.23 10.59 10.17 79.97 94.51 67.90 89.79 35.29 53.79 34.80 69.76 19.33 70.59 64.81 28.92 17.36 32.87 62.13 84.13 91.87 39.76 51.46 46.68 84.92 47.27 76.16 22.85 64.62 94.48 62.05 86.34 67.47 37.06 18.09 18.64 94.96 72.33 55.25 31.56 75.12 94.05 56.10 13.67 85.19 37.49 85.01 20.59 10.53 23.66 43.34 67.05 89.05 56.08 41.87 27.18 97.04 31.71 42.39 30.21 72.30 52.26 38.80 87.89 93.01 59.41 15.63 74.26 87.00 35.26 41.35 33.15 60.29
16.15 54.73 55.57 19.45 14.64 82.06 25.95 34.38 16.48 34.01 17.75 17.63 25.51 64.10 34.37 85.02 98.62 98.40 80.93 70.59 48.36 50.73 17.40 51.85 76.15 73.01 18.29 19.71 45.77 36.02 15.88 83.79 34.04 16.54 71.66 51.56 11.93 80.47 16.25 86.25 68.95 22.39 33.73 13.07 41.13 71.61 24.85 75.24 45.32 94.96 68.33 47.88 75.57 82.89 74.59 52.21 41.89 27.18 11.50 76.97 48.70 67.69 26.28 69.17 59.09 12.27 23.40 46.25 73.14 93.32 60.17 82.16 12.23 62.27 90.27 78.39 80.99 84.33 13.99 54.72 81.10 53.80 57.75 73.67 39.17 75.27 35.87 27.09 61.53 34.78 66.05 37.77 26.80 52.85 67.32 33.20 51.36 38.16 15.78 27.86
17.31 64.18 50.60 75.34 86.62 80.63 27.21 73.44 21.33 21.51 69.43 46.92 31.51 31.21 16.58 46.28 50.22 51.40 54.98 82.83 96.76 35.02 12.39 45.27 53.54 48.59 62.89 96.48 46.43 84.15 47.55 80.75 72.56 33.19 62.70 58.47 34.32 19.56 94.78 65.95 55.06 32.05 34.10 74.03 56.00 22.91 62.54 12.97 26.65 51.02 98.35 77.48 51.76 10.11 37.48 29.57 54.26 78.95 29.45 39.71 26.82 98.98 92.19 10.89 80.90 76.10 74.67 37.08 71.25 65.72 57.70 77.52 46.38 47.51 47.09 54.78 87.99 34.58 17.56 27.66 34.51 97.35 85.96 81.87 53.35 13.19 72.03 82.76 35.25 98.46 37.98 87.22 96.41 33.88 82.52 98.75 92.78 41.60 90.85 62.50
53.08 43.03 62.94 13.59 68.66 19.98 34.75 24.05 88.48 15.59 87.92 58.49 89.83 74.08 86.83 33.69 40.00 19.89 83.09 13.54 97.77 48.71 82.57 17.95 88.83 44.42 17.71 59.24 17.44 39.63 27.27 37.56 28.34 80.79 14.31 97.26 53.63 71.07 81.90 53.91 86.69 26.82 15.44 85.00 84.73 34.31 22.42 48.39 89.04 53.01 75.83 89.72 73.40 40.25 18.61 84.15 19.95 60.42 14.88 86.85 53.72 31.61 12.43 20.04 88.04 79.73 42.66 29.06 62.55 63.35 42.77 10.77 90.61 43.83 54.74 10.86 38.40 54.01 73.93 77.16 15.94 30.29 94.91 87.18 12.36 35.51 91.40 28.52 48.15 67.52 71.15 87.98 85.11 62.85 18.46 59.12 74.16 38.26 33.38 12.29
95.48 48.77 47.17 80.03 91.61 72.99 91.45 78.38 91.14 70.24 75.45 75.78 65.03 16.69 79.96 12.79 53.68 59.11 29.87 63.77 58.47 63.71 48.36 45.71 57.51 11.41 16.78 27.16 34.46 68.97 77.22 19.84 50.42 68.09 91.07 51.71 63.95 50.65 63.85 47.29 45.49 43.46 79.85 85.66 88.19 91.90 11.74 84.01 82.03 91.39 75.60 55.48 19.64 44.37 44.53 27.37 65.50 51.30 11.32 31.50 79.06 36.11 37.74 55.18 72.37 40.91 44.75 35.11 26.07 50.90 17.79 12.63 81.09 60.19 76.14 91.22 58.71 74.62 37.59 26.14 30.24 28.91 86.73 33.33 94.78 72.24 53.10 58.01 50.75 78.26 87.55 16.06 17.83 43.41 41.65 71.06 42.49 46.11 51.36 11.19
13.54 72.67 18.20 17.17 63.28 19.48 84.32 65.80 43.37 93.74 28.20 36.62 80.78 44.35 72.43 77.31 58.71 62.37 42.11 80.43 89.45 10.10 35.03 68.53 78.92 37.16 87.90 35.41 23.67 29.49 80.39 38.70 54.85 58.54 49.91 64.60 83.55 95.03 26.78 13.81 55.87 34.86 43.56 36.30 21.78 84.22 39.81 73.95 90.95 80.08 94.90 20.19 62.91 26.78 37.59 24.62 37.41 77.97 48.64 87.04 23.72 74.96 71.39 23.76 42.55 13.76 48.42 45.45 15.62 14.38 55.69 71.38 81.40 50.09 12.31 68.47 98.22 63.25 58.22 22.93 50.56 97.86 52.97 25.91 12.87 95.61 45.12 59.00 23.07 21.82 39.67 36.84 28.78 75.89 71.60 56.93 40.26 52.67 25.63 63.47
97.72 93.48 30.68 29.45 92.28 91.32 40.50 30.19 11.25 87.28 87.16 79.73 87.92 57.75 54.73 59.06 61.32 71.26 72.35 57.94 23.17 76.61 98.15 70.50 56.69 18.60 46.20 84.98 56.12 71.53 39.07 20.66 28.29 69.27 18.60 48.53 85.58 15.20 23.67 33.94 55.50 62.85 60.32 50.48 48.52 80.74 85.62 80.27 49.98 16.63 38.31 84.67 50.98 97.12 63.90 20.02 88.55 42.97 11.27 40.58 77.11 56.96 34.01 83.49 35.39 81.20 83.33 20.57 76.68 77.73 67.17 36.14 64.01 71.81 33.89 70.82 57.79 73.43 22.00 60.06 24.55 94.83 89.29 54.75 72.95 57.42 85.81 68.60 55.71 12.15 35.56 28.01 41.49 17.37 58.16 36.83 47.29 80.87 58.17 57.44
44.11 72.11 38.09 13.83 72.40 97.82 56.09 16.83 68.86 91.52 41.88 52.95 50.30 74.75 70.00 65.68 48.46 18.33 86.66 49.99 65.74 73.65 61.45 53.12 68.53 50.43 98.44 46.06 30.80 28.02 35.45 59.33 52.26 79.74 39.38 73.44 37.69 60.98 46.74 56.68 30.71 59.18 19.83 61.87 28.39 17.65 66.67 82.29 40.89 58.87 53.23 93.20 28.01 91.07 27.46 47.81 55.05 48.66 65.14 39.52 18.50 11.02 17.81 22.86 73.54 85.65 65.63 11.80 73.76 62.57 98.89 11.63 76.74 42.49 34.66 68.96 33.31 90.05 79.99 96.20 80.00 59.33 57.95 59.50 69.80 66.95 27.55 37.11 55.37 71.68 93.62 88.19 86.23 24.86 81.86 11.02 20.61 62.87 42.78 67.13
78.47 94.77 35.40 40.90 76.95 77.70 61.23 25.87 58.58 65.10 38.25 72.71 28.73 15.84 53.42 14.65 98.45 61.69 62.58 30.93 89.85 89.59 76.24 37.24 53.60 58.21 16.12 49.37 71.99 32.45 55.75 72.75 47.82 55.46 35.97 97.15 79.41 90.71 82.86 30.35 92.52 15.30 97.77 30.57 50.33 73.52 77.17 93.78 73.86 39.02 40.47 70.46 36.98 74.04 38.62 14.49 20.84 79.52 59.38 86.16 70.44 25.19 46.38 74.62 37.43 13.02 64.35 37.28 67.16 41.85 54.82 24.91 63.24 29.43 52.70 61.84 80.10 30.29 72.19 52.72 38.94 12.23 25.06 61.19 70.41 65.07 92.94 31.67 86.07 78.18 91.07 19.44 97.30 35.41 33.10 23.76 90.77 13.63 66.73 40.10
66.60 64.60 52.82 62.19 70.84 57.19 83.58 83.47 57.98 10.25 77.42 92.66 25.81 59.81 81.95 36.96 84.77 93.69 31.45 25.93 12.75 55.52 78.62 76.46 53.22 45.40 77.10 51.98 91.82 57.99 80.55 47.44 30.96 31.92 46.31 97.72 82.75 97.10 91.10 43.84 46.78 52.57 56.87 53.70 37.57 45.69 66.80 30.54 28.94 38.81 33.92 43.68 75.08 64.57 17.26 33.63 46.89 33.30 43.30 35.20 86.64 40.42 72.52 12.12 75.61 77.57 65.06 87.48 41.45 35.21 82.12 58.22 22.77 60.18 93.89 70.62 60.53 50.55 74.88 31.83 53.46 60.53 83.61 41.11 23.30 16.87 40.91 92.58 47.45 95.42 35.03 54.71 27.63 88.42 94.05 12.38 65.03 59.66 32.98 72.73
95.92 25.18 92.09 27.78 28.45 77.25 74.70 28.82 32.49 97.22 71.52 59.62 10.86 98.54 45.11 52.60 33.64 25.38 11.67 46.92 53.07 92.81 44.47 13.43 18.95 74.45 29.99 87.30 62.06 74.18 82.33 17.52 58.23 29.47 36.27 25.18 35.25 51.90 37.97 27.45 47.02 40.05 79.28 72.00 66.82 48.27 40.07 69.32 26.64 68.07 17.09 74.68 34.09 19.40 32.46 31.30 59.24 52.05 67.94 31.16 11.36 77.12 53.26 38.67 53.18 59.48 22.64 26.68 48.21 98.61 48.84 49.11 86.31 86.33 89.13 57.52 72.51 28.71 69.09 55.73 24.62 26.46 26.53 90.52 34.58 88.59 83.78 64.85 49.00 71.28 48.19 42.18 34.69 15.11 28.44 32.99 75.59 56.85 40.77 59.54
63.84 32.35 19.92 94.37 86.74 16.82 62.44 40.37 79.74 83.22 80.23 87.78 46.06 24.10 11.01 59.55 77.75 97.01 67.89 36.03 53.19 50.49 70.95 33.59 36.95 71.19 31.41 39.36 75.51 67.77 23.01 88.66 61.22 71.98 60.77 41.70 35.20 51.12 84.95 23.81 36.43 64.07 74.62 41.54 40.51 49.92 50.50 42.37 74.66 56.65 26.89 84.52 69.68 93.17 98.67 70.79 98.20 35.20 67.98 39.13 39.41 43.04 76.45 63.62 44.16 49.46 57.64 11.35 40.97 58.10 62.71 87.05 78.63 10.46 37.92 90.29 18.63 63.87 97.57 63.31 82.17 28.72 19.83 92.73 52.57 89.13 37.60 79.05 73.11 52.55 80.95 81.63 93.46 60.02 97.25 28.66 15.94 74.18 71.24 69.45
70.86 73.96 16.61 14.19 25.93 66.91 27.85 64.43 91.38 29.36 42.58 83.58 69.17 13.61 20.18 36.07 66.09 37.31 88.75 58.94 93.98 52.01 80.25 38.53 96.03 56.22 95.55 41.42 65.25 33.74 21.63 67.88 61.82 73.78 15.87 39.57 72.51 86.24 25.63 90.03 94.81 91.80 24.34 34.40 13.68 94.54 43.25 77.09 51.41 15.27 40.45 77.87 42.93 28.91 37.51 38.66 56.60 98.70 93.47 46.74 87.15 49.80 21.13 58.45 26.55 84.68 50.11 62.78 83.52 89.74 28.63 42.05 18.97 27.93 55.00 63.98 79.10 84.55 30.54 59.52 66.58 95.03 87.30 54.32 87.41 85.77 67.79 58.25 15.15 32.23 32.10 11.67 18.68 13.31 46.20 14.24 65.21 18.38 34.50 30.49
42.10 19.57 27.68 78.46 57.23 79.83 41.42 85.70 89.20 90.37 26.55 20.29 71.70 88.17 23.82 60.30 74.76 82.66 90.72 79.93 33.32 98.31 58.81 68.10 13.18 51.34 56.84 55.76 78.65 38.32 20.64 25.35 64.04 53.21 54.58 18.15 48.56 52.61 33.87 14.29 39.24 42.40 52.06 58.87 36.77 69.93 71.41 26.79 73.62 51.00 64.29 39.82 89.29 36.05 24.59 21.98 69.52 87.64 25.14 88.29 36.56 22.15 13.58 25.46 22.64 61.19 76.85 32.54 39.83 45.61 81.54 41.07 86.40 84.58 51.89 24.46 11.78 28.29 79.32 10.56 56.91 37.13 37.47 50.41 70.54 15.96 58.08 49.84 91.50 71.12 84.17 41.21 23.11 47.67 97.41 42.13 63.41 84.65 32.34 89.67
31.44 76.43 98.54 41.05 88.92 88.74 66.58 32.89 97.44 87.69 63.49 76.54 79.91 94.53 71.00 42.33 10.09 90.56 58.62 30.60 49.83 13.08 59.64 17.54 59.48 34.19 93.10 65.00 11.81 48.81 61.06 42.92 61.25 51.95 51.88 14.87 51.22 33.17 70.38 67.93 98.68 47.01 46.86 37.34 98.07 13.55 94.75 59.79 75.22 98.67 80.53 52.22 63.23 96.09 71.82 33.91 68.83 65.35 82.89 31.43 57.93 31.31 88.65 11.19 90.68 86.09 78.86 14.07 42.47 33.87 38.67 81.07 89.63 68.60 33.96 38.46 49.67 42.46 54.51 66.03 51.21 58.49 92.66 28.32 34.94 89.50 86.30 15.10 68.41 27.14 92.37 36.69 87.42 19.18 88.73 13.66 81.02 25.31 93.53 39.23
17.48 86.96 23.15 71.07 24.65 79.61 88.38 15.04 52.30 53.09 13.18 76.50 14.35 32.71 45.08 10.16 53.16 75.65 33.78 63.41 40.06 54.92 65.97 14.18 35.81 51.90 97.18 34.82 19.46 38.94 25.73 24.24 45.18 53.90 85.16 26.92 16.21 81.99 60.54 38.62 82.60 29.38 19.31 25.13 88.25 84.62 85.45 25.31 12.12 22.74 68.60 78.07 97.36 75.48 33.02 94.49 52.55 14.07 90.02 21.76 45.27 18.58 95.78 36.31 95.51 96.35 61.88 95.68 94.91 43.36 49.91 20.32 69.01 81.28 46.00 47.75 85.68 35.47 60.79 80.56 53.04 41.61 77.41 88.51 97.88 76.43 47.39 96.65 70.21 50.91 47.65 28.23 84.49 97.13 51.05 89.28 23.60 74.21 67.29 80.38
83.50 14.32 89.81 48.35 74.14 52.21 76.06 30.77 84.10 67.06 80.57 36.73 30.35 35.49 12.46 78.56 59.07 77.65 58.14 59.98 85.61 32.07 47.79 89.46 86.87 51.17 91.55 51.24 46.77 20.16 42.57 40.98 79.67 96.88 46.45 96.22 44.89 97.90 66.41 68.68 48.85 87.18 80.72 60.68 39.48 44.97 28.47 42.19 45.61 42.50 38.81 36.71 65.42 61.70 84.47 38.15 45.46 47.00 48.35 56.53 69.85 14.01 82.56 47.81 24.96 76.35 76.04 14.28 16.71 52.37 85.11 51.99 70.27 47.83 15.29 85.31 96.67 17.67 85.65 48.64 22.97 31.23 33.58 47.68 85.96 74.15 81.93 15.18 34.06 51.20 89.42 82.70 94.30 49.64 42.27 96.94 56.35 91.43 90.42 97.10
30.66 64.71 71.03 39.75 65.93 11.36 11.30 65.95 68.40 19.53 73.27 68.51 24.68 53.67 23.44 32.29 60.72 47.73 46.49 35.85 58.11 81.97 26.34 50.26 17.52 83.37 33.81 76.16 29.04 96.85 60.98 35.84 22.93 53.66 80.73 25.60 63.63 75.01 20.70 61.89 92.05 10.71 61.96 38.90 81.55 78.39 44.92 53.95 66.20 14.71 31.47 27.70 69.12 81.57 39.73 36.71 73.24 38.92 36.73 62.89 56.96 93.32 75.50 93.37 95.67 26.12 41.02 18.19 47.78 12.65 64.80 70.69 19.06 72.13 92.92 70.34 95.81 29.36 18.86 13.89 21.12 31.30 59.07 39.54 24.99 87.34 62.27 30.60 88.70 27.22 26.65 85.37 95.45 82.57 53.93 64.47 83.84 54.89 31.70 91.06
30.68 46.03 55.47 63.68 93.32 47.02 35.37 11.49 68.77 95.46 37.24 20.87 89.33 30.38 68.94 33.41 25.47 26.56 89.64 71.19 37.93 20.69 71.62 61.88 57.89 15.92 78.13 52.42 77.87 72.49 93.51 29.30 35.68 24.88 52.49 97.40 28.70 42.90 83.78 32.07 93.20 57.11 97.73 48.89 91.22 63.61 51.35 24.57 52.17 24.94 54.13 44.01 91.05 15.10 73.04 75.90 93.35 18.64 25.60 20.90 77.47 73.39 61.75 44.85 19.82 35.66 72.86 87.73 90.46 63.09 46.57 68.89 11.03 77.41 10.68 42.60 74.09 49.05 94.24 22.97 55.38 42.14 10.41 26.61 53.97 15.41 72.49 89.94 14.34 45.34 83.17 54.31 67.00 78.95 55.28 93.59 43.50 63.74 81.16 67.16
85.03 66.23 50.82 73.43 44.48 97.92 57.19 31.11 82.77 74.79 32.77 38.94 81.14 34.08 50.44 81.89 50.88 83.80 80.64 84.22 23.20 53.79 30.55 87.20 16.06 30.35 46.31 12.51 59.22 27.01 12.00 10.45 69.44 30.39 55.07 91.12 62.71 20.60 38.15 94.97 17.93 52.46 97.79 30.63 15.59 65.83 47.37 83.76 38.90 37.91 20.07 12.22 62.52 35.03 43.52 70.93 66.91 19.49 78.17 14.61 19.49 88.11 35.47 23.65 24.11 72.49 63.10 15.40 18.49 70.75 47.34 19.81 92.83 43.24 73.92 69.23 56.33 17.57 70.44 54.83 80.87 49.75 54.91 90.38 10.49 20.40 28.15 59.12 92.57 45.81 29.88 87.61 30.61 28.02 58.81 74.15 84.03 58.56 52.44 24.81
88.27 81.27 85.50 16.84 56.34 49.06 83.39 89.76 72.49 65.61 39.56 94.02 81.15 83.39 35.83 87.37 19.82 52.80 51.07 90.72 30.15 75.43 65.02 39.98 38.71 40.92 24.79 28.80 49.89 35.30 98.17 13.64 82.67 96.05 10.94 41.74 72.28 41.71 89.68 35.35 95.51 12.25 74.54 61.81 49.26 91.07 51.64 90.25 61.98 20.49 88.97 62.81 39.97 44.44 96.09 21.59 28.78 90.55 84.00 90.83 66.65 76.68 29.19 81.89 35.24 18.17 62.30 17.38 92.69 91.00 56.90 66.03 58.66 81.77 36.18 91.66 30.40 24.98 64.42 13.03 35.64 98.47 79.31 58.88 44.88 11.19 60.15 98.92 60.29 33.40 27.11 31.29 27.79 53.52 19.72 98.99 82.20 24.73 48.58 67.21
80.21 42.40 50.76 91.07 86.51 13.99 34.73 33.48 22.55 57.80 31.53 13.03 60.42 14.29 30.21 97.70 73.67 96.73 74.63 87.58 73.73 38.24 29.23 85.73 63.96 57.45 55.84 87.29 67.52 37.89 77.86 80.12 64.19 47.43 25.35 45.57 83.59 84.95 27.97 42.08 90.11 65.06 36.80 36.34 98.84 27.87 60.62 96.26 66.01 97.37 33.23 83.47 91.79 37.08 17.25 80.58 57.70 32.53 53.51 54.77 69.94 12.33 78.70 75.83 24.00 66.28 30.98 65.79 79.15 63.00 71.30 62.15 37.11 15.01 20.36 21.66 74.81 50.61 98.64 79.37 21.58 48.24 89.80 18.38 34.44 40.97 40.10 24.77 64.60 69.95 37.38 50.88 72.05 94.15 41.67 20.54 32.81 40.33 60.39 19.69
86.06 30.52 76.24 71.28 60.63 32.23 49.36 46.14 98.88 97.80 83.15 39.53 50.13 15.97 93.98 49.05 38.45 98.22 20.83 93.06 71.05 32.22 44.85 78.63 10.17 98.45 40.22 15.31 19.47 33.26 53.33 78.84 79.30 80.59 95.48 68.74 73.58 78.04 45.48 70.70 72.75 67.00 21.93 63.24 54.29 77.30 43.30 21.01 68.39 46.63 27.18 57.13 95.57 79.07 56.23 72.21 71.35 84.26 35.34 43.17 48.49 41.01 76.57 39.78 32.14 94.63 86.63 91.15 81.86 54.67 32.43 16.63 21.83 78.80 84.21 68.54 74.43 18.73 74.00 24.16 64.48 59.67 64.51 14.56 43.12 78.74 68.99 84.87 20.34 12.78 90.23 56.20 30.53 32.99 19.56 56.35 58.00 45.38 74.18 46.00
76.58 76.83 90.59 86.52 92.94 71.71 77.73 72.72 58.09 53.95 33.64 48.01 83.30 15.40 77.63 50.92 22.48 80.06 67.13 45.71 86.53 89.41 65.02 60.17 12.43 81.62 36.71 12.79 74.27 12.68 29.95 18.49 53.35 57.93 37.61 26.15 91.90 31.79 72.11 87.00 34.92 70.14 40.28 72.62 89.72 74.42 66.93 37.44 68.70 77.10 76.78 56.21 12.14 87.23 48.10 52.12 95.10 86.83 63.08 31.42 16.06 35.59 34.97 85.26 11.57 70.84 69.22 53.57 83.13 35.04 51.31 35.47 44.77 16.24 83.55 25.03 98.74 12.00 92.87 22.65 32.81 12.28 24.41 95.14 66.08 71.84 60.38 72.71 20.18 17.07 19.57 52.38 87.25 84.20 13.62 57.49 32.28 53.18 54.08 31.91
73.10 50.54 58.15 64.73 52.44 38.46 54.35 70.06 83.65 96.66 89.18 14.37 90.96 35.61 27.95 77.98 64.00 32.10 12.38 42.31 24.39 85.17 69.92 18.80 91.91 84.83 78.93 77.36 85.65 51.25 23.86 26.03 49.15 67.34 40.77 12.19 22.12 87.79 42.53 69.31 73.46 28.68 27.75 89.68 55.40 83.05 12.41 58.33 90.27 29.34 35.82 73.84 60.61 89.81 40.39 47.17 91.08 80.77 24.53 67.35 23.63 35.65 76.56 98.13 59.02 86.71 62.72 20.20 14.81 71.83 62.30 43.59 29.14 95.73 80.37 18.72 22.28 68.49 59.93 27.79 48.12 92.68 46.78 31.64 20.52 92.42 36.66 10.33 19.39 54.32 91.57 21.54 88.88 48.33 96.17 47.76 70.57 79.48 69.69 51.08
33.10 70.84 48.97 68.38 32.13 90.85 23.24 65.47 47.19 34.07 25.77 30.37 71.57 88.28 32.27 20.59 39.17 72.74 97.09 48.04 64.97 30.88 64.30 29.04 32.54 30.41 30.33 61.12 11.64 69.48 26.01 65.65 55.76 53.43 88.95 16.30 70.81 43.34 14.39 85.49 15.23 28.82 13.18 96.27 54.17 40.84 92.17 83.08 93.52 31.47 61.04 31.48 58.09 19.96 19.45 46.98 29.22 66.28 78.10 70.30 87.34 85.14 49.63 10.43 12.90 71.78 35.69 58.73 52.21 89.83 69.95 79.15 66.04 69.93 13.65 15.10 27.14 22.24 30.82 38.76 22.78 64.05 57.70 28.59 54.50 28.16 22.66 22.34 30.21 61.96 20.48 85.81 49.87 37.73 75.33 48.62 14.50 18.27 10.11 96.63
78.46 35.59 11.49 77.41 54.71 74.77 87.55 41.57 33.57 50.60 61.58 22.87 38.06 28.30 33.00 26.59 79.45 70.29 74.28 65.02 35.35 43.05 24.16 81.24 78.21 25.11 34.30 30.57 73.00 47.46 65.93 89.39 29.05 68.40 86.53 62.32 48.17 59.81 85.92 48.62 48.75 44.03 24.11 45.47 30.20 85.87 68.13 30.32 40.79 34.40 15.91 68.95 60.37 25.36 60.28 19.76 67.31 24.02 67.13 44.67 46.60 88.37 89.04 73.28 21.46 21.31 92.38 97.71 29.99 76.79 21.14 42.27 57.91 31.57 24.23 31.39 75.59 30.86 61.33 97.89 11.40 15.54 27.26 64.22 28.86 28.69 67.71 72.42 94.58 29.24 48.13 93.17 81.55 77.45 61.34 39.25 44.05 66.60 94.43 69.55
41.63 41.41 67.44 25.65 60.63 33.16 48.82 89.04 78.63 17.13 74.36 64.00 80.45 53.70 80.09 76.99 29.49 31.32 54.59 81.67 29.36 74.07 34.26 26.55 79.93 85.57 20.42 54.42 33.29 96.74 10.88 34.22 77.24 20.93 59.93 10.19 43.45 19.18 14.69 91.05 95.40 41.14 92.20 86.05 25.54 28.52 69.20 89.24 86.41 93.78 65.61 13.29 15.51 52.21 35.45 11.33 37.56 65.62 12.34 89.24 15.03 76.78 44.52 41.06 42.53 37.33 72.50 47.42 38.52 27.65 84.11 51.24 44.61 73.59 96.39 15.58 59.63 22.05 54.80 28.50 80.48 97.53 40.70 46.56 10.66 64.79 62.67 29.82 47.50 48.80 77.47 66.07 96.00 69.04 86.11 38.98 82.49 45.66 95.76 37.55
40.13 81.34 17.70 69.64 83.83 80.41 59.87 36.77 11.84 91.74 68.32 87.85 67.63 88.03 97.04 73.17 46.03 12.08 24.78 14.73 64.23 43.62 38.63 18.18 43.29 63.20 52.37 96.22 19.51 28.53 81.13 50.47 34.61 33.09 45.00 51.26 37.52 33.31 47.33 87.99 85.34 93.34 71.66 55.44 45.16 95.11 36.60 49.73 46.69 19.88 77.82 35.62 75.63 20.58 88.70 61.34 56.13 90.03 89.72 79.24 56.13 93.05 47.00 21.61 10.79 62.91 84.49 87.54 18.22 70.58 44.21 59.54 39.08 36.71 70.99 98.07 45.75 63.04 10.33 84.08 11.88 70.85 29.73 69.69 86.43 28.85 10.99 97.99 61.99 56.76 22.49 29.49 14.54 36.48 86.42 88.30 78.51 93.49 33.51 22.26
65.84 39.08 53.17 58.93 32.20 74.71 15.14 11.92 65.93 65.75 97.70 16.46 77.22 18.68 56.34 64.92 18.57 72.95 58.09 59.67 50.66 67.23 25.39 39.56 56.39 61.97 39.51 60.70 89.40 25.78 76.85 44.62 64.64 35.27 50.46 84.66 11.69 17.65 70.07 97.71 45.24 53.85 72.47 75.21 12.42 35.55 91.61 52.64 38.65 93.68 26.11 57.76 96.84 98.99 69.00 47.33 19.30 91.55 75.14 34.85 51.16 38.35 67.15 26.71 32.82 70.51 57.58 82.41 27.94 49.60 17.77 35.26 81.94 53.60 89.20 26.38 34.09 61.96 64.18 37.33 52.49 33.53 27.04 12.10 77.38 66.84 65.62 60.44 82.79 16.93 85.77 69.45 87.28 90.40 51.39 96.78 30.37 57.82 86.29 86.34
88.01 95.72 66.51 92.89 13.37 19.46 32.57 97.95 48.22 56.97 27.50 73.32 98.79 81.19 23.73 45.75 34.76 47.75 87.31 26.32 55.80 74.47 29.47 89.54 28.67 27.79 58.23 31.90 73.66 74.79 25.07 10.46 98.43 12.00 87.30 35.05 63.94 48.05 29.32 42.71 12.91 59.40 69.45 31.12 92.11 82.35 55.73 19.86 23.74 22.72 62.20 82.94 49.05 49.25 71.43 13.01 88.63 56.96 70.25 81.41 12.17 45.69 14.17 53.16 83.48 62.94 76.54 32.23 14.38 41.55 30.29 13.50 60.63 22.50 42.23 77.83 24.62 17.57 25.49 34.62 13.73 11.77 30.73 29.77 12.42 24.67 13.52 33.05 41.56 29.54 15.55 71.56 88.95 34.82 24.91 11.80 64.76 69.26 81.94 24.78
65.75 78.56 16.28 16.48 15.70 88.46 91.91 65.66 40.35 71.23 90.56 49.83 72.02 16.87 82.72 47.34 14.47 49.79 83.20 44.44 58.11 97.76 11.85 21.82 32.97 51.75 16.64 44.46 81.59 68.81 67.16 49.12 36.92 42.41 18.52 31.04 17.16 87.35 64.00 61.19 12.57 89.36 20.67 19.22 34.39 95.39 68.34 39.16 74.64 62.93 34.98 69.28 54.09 73.87 84.84 34.21 23.90 43.69 94.18 12.47 96.08 58.49 60.29 96.51 59.47 97.02 43.64 53.95 46.82 30.44 41.61 37.91 20.12 45.30 11.65 57.20 58.73 40.85 91.12 18.42 76.40 80.63 91.63 43.27 81.00 90.84 48.29 41.60 87.57 20.21 41.17 49.08 34.18 61.99 63.24 59.43 24.96 66.45 33.69 20.97
65.02 80.53 68.95 87.31 51.37 57.56 97.76 90.41 53.59 47.70 21.56 11.22 53.63 59.34 10.11 53.04 43.80 39.77 86.20 88.30 72.48 19.26 29.82 52.76 56.89 18.49 24.14 34.42 53.00 94.56 53.18 55.47 38.43 57.63 62.70 12.44 67.17 65.09 98.94 64.40 96.76 51.17 35.78 97.16 38.49 64.24 56.48 33.25 17.91 54.50 66.49 25.56 11.75 13.82 40.93 65.77 84.83 68.89 12.56 38.16 34.16 19.29 90.79 60.61 62.74 16.33 94.10 28.93 10.18 81.39 46.06 31.28 43.14 89.81 47.98 23.21 50.17 24.09 43.04 25.68 51.59 50.22 60.12 48.24 19.10 11.05 92.23 92.93 24.71 38.57 63.08 35.45 40.77 13.98 30.81 29.87 82.22 87.54 14.38 38.80
82.77 54.61 87.34 24.29 57.49 27.07 61.86 90.79 88.04 45.56 25.22 59.43 12.68 53.62 31.31 84.70 14.34 92.10 33.92 64.71 13.03 49.61 21.27 28.29 68.98 39.99 44.79 54.38 45.01 41.61 38.91 81.28 51.31 55.82 49.87 69.37 46.46 69.01 69.96 41.76 71.83 48.34 72.46 14.73 98.59 19.83 29.53 50.85 33.20 65.80 41.14 62.04 70.14 92.56 51.12 11.42 76.66 70.45 18.60 26.77 74.90 40.83 21.46 82.98 79.35 50.08 37.38 87.35 13.10 90.17 59.83 76.52 25.72 77.68 25.23 11.72 42.90 60.48 88.23 73.37 90.65 50.94 58.53 89.12 67.14 37.03 40.28 77.73 54.85 47.29 51.14 88.91 48.37 62.79 58.82 26.99 28.78 34.37 49.10 68.17
84.02 26.11 56.36 68.33 33.62 13.23 53.95 85.33 61.35 11.22 37.41 48.89 24.80 24.71 31.30 81.79 16.75 51.07 74.46 57.68 35.61 54.61 32.03 36.79 81.11 50.08 84.58 46.19 20.80 87.54 35.65 58.96 59.51 28.60 21.74 60.34 58.24 64.73 96.36 78.48 58.79 96.50 61.57 47.36 14.15 56.04 67.33 62.63 30.27 93.23 75.25 71.21 43.07 52.66 60.59 27.37 94.15 55.76 74.89 87.89 60.28 95.46 13.25 71.90 60.44 24.59 97.69 83.64 43.90 68.83 35.81 10.82 95.61 71.96 57.08 49.42 69.91 21.05 46.45 23.73 42.80 57.87 77.33 26.88 63.73 47.60 84.03 72.16 54.09 86.50 50.77 71.98 47.02 45.57 32.39 96.05 52.93 11.24 85.93 85.44
42.40 47.26 72.26 47.82 67.23 50.91 16.79 60.69 67.01 13.35 13.34 37.19 75.37 75.07 96.87 79.75 48.57 46.50 60.08 27.69 64.13 61.17 87.68 24.26 54.75 30.35 97.13 56.12 12.08 85.52 28.45 10.93 85.59 44.70 30.54 15.40 51.75 86.83 33.04 21.07 39.78 19.04 46.57 90.16 32.62 15.42 44.23 69.54 27.53 23.46 29.97 94.42 81.78 37.01 72.04 84.08 66.77 74.32 54.49 10.86 63.54 90.27 53.25 26.13 48.15 70.68 59.32 66.83 98.51 41.30 55.19 62.93 46.82 98.18 54.92 26.68 37.92 69.49 50.59 41.25 84.10 38.72 23.64 44.14 57.36 77.07 90.55 64.13 93.80 62.70 58.86 27.32 47.95 58.88 53.57 27.75 25.27 23.19 48.01 64.81
44.75 82.14 63.71 58.94 12.78 48.14 43.14 20.50 52.02 49.72 40.13 93.10 82.74 82.91 39.09 78.17 92.12 28.65 27.06 69.11 37.39 31.89 15.86 61.66 13.98 47.17 54.40 56.18 49.59 27.59 42.49 52.33 98.87 51.53 47.00 34.04 43.80 98.28 27.95 94.37 56.43 62.62 46.44 61.48 15.57 90.65 80.67 83.91 51.49 57.95 20.33 96.16 22.91 88.28 45.67 66.81 66.61 83.43 47.08 33.69 86.05 37.68 19.68 31.02 79.44 23.82 66.28 81.77 20.69 61.90 80.21 39.70 86.47 85.60 47.40 87.91 93.28 83.94 16.91 75.68 83.47 93.49 60.63 27.56 97.21 54.11 44.56 34.89 32.69 68.68 63.73 84.77 65.94 50.25 13.14 37.08 82.02 39.45 76.99 98.14
33.94 16.65 33.79 56.52 48.72 29.53 17.69 72.67 85.83 38.97 43.82 63.39 98.49 78.65 37.45 80.53 49.94 67.08 36.97 62.62 22.63 75.61 44.09 36.12 31.61 48.71 62.83 67.68 13.88 54.63 53.52 60.56 60.49 19.22 13.65 50.91 82.28 94.84 18.93 91.51 45.23 78.00 20.18 25.85 90.94 15.01 87.41 96.69 25.15 13.69 11.29 75.53 82.70 80.78 12.54 64.29 88.45 67.10 84.79 33.22 88.06 68.56 31.95 97.74 66.78 77.18 88.34 85.45 59.52 27.64 82.05 45.67 42.97 26.65 77.03 15.19 90.02 11.26 60.20 54.93 52.96 58.09 19.33 51.49 23.34 38.65 90.38 84.25 76.37 62.03 35.16 67.22 50.42 19.01 33.52 38.20 95.71 53.36 49.29 77.08
18.18 55.13 25.58 64.71 98.55 55.76 24.44 13.21 66.02 12.09 42.71 20.37 85.60 40.35 36.62 92.36 13.05 25.48 32.02 62.87 96.67 68.71 40.36 20.27 85.36 36.35 14.61 43.83 49.24 11.91 24.82 78.18 39.12 50.33 20.69 42.71 78.90 23.83 84.97 24.14 50.15 29.80 77.09 69.08 13.57 41.36 80.22 57.69 69.55 69.28 23.96 73.39 92.60 84.91 81.63 49.02 22.89 97.91 24.05 82.51 46.63 54.20 90.53 58.86 65.94 14.59 22.47 11.28 20.91 77.15 87.43 24.06 36.68 32.95 80.24 56.03 63.61 40.31 98.09 95.98 22.73 60.83 47.17 68.56 83.74 82.50 55.27 67.30 12.39 88.85 12.14 59.02 35.81 91.84 64.43 13.15 25.33 24.32 79.51 52.66
82.49 43.82 40.81 14.73 85.48 64.57 83.26 13.70 87.54 10.11 95.10 28.81 17.44 87.35 20.89 71.12 20.29 10.12 38.66 71.13 31.60 34.69 92.01 76.93 56.80 35.02 32.37 76.28 34.22 26.86 66.07 28.96 22.91 76.85 61.27 21.20 22.57 86.34 48.26 46.87 94.39 33.11 94.38 73.49 70.55 80.13 10.48 22.40 44.65 10.81 41.89 70.38 91.27 24.21 77.89 65.69 59.12 24.24 17.67 90.31 69.01 34.41 43.97 32.06 24.25 43.07 61.43 45.90 70.88 20.55 44.30 50.07 44.67 75.72 88.28 42.74 78.93 38.27 19.47 83.69 16.62 90.76 29.05 36.46 41.36 59.43 76.64 11.89 25.64 85.81 28.04 45.62 79.19 90.52 61.70 65.32 53.80 43.43 79.45 60.26
25.78 36.40 97.48 82.65 34.16 29.33 24.75 19.17 80.23 87.29 83.83 42.23 65.39 29.30 41.87 77.21 93.60 68.94 53.47 51.61 79.33 61.36 89.67 22.37 33.06 83.43 56.20 75.79 44.49 21.31 57.58 98.18 18.57 79.49 66.31 28.21 92.60 52.91 28.67 23.10 45.54 44.84 18.36 28.17 68.81 17.11 45.91 20.85 67.79 10.78 55.72 47.68 42.68 44.88 98.51 91.82 68.96 36.76 59.65 46.69 10.74 82.66 67.89 57.18 94.38 25.55 82.89 38.65 59.64 95.58 58.67 69.81 36.01 53.86 46.12 81.63 66.82 28.62 31.36 16.23 40.31 35.77 84.01 31.44 37.55 74.05 11.99 62.38 43.07 74.58 94.59 51.38 39.85 62.71 88.30 38.96 69.65 86.75 71.69 35.09
74.59 10.27 56.66 76.75 94.68 22.44 43.44 71.40 69.29 25.56 45.88 25.15 45.65 91.13 60.27 85.91 70.57 19.61 18.13 34.39 88.37 55.91 31.27 75.63 97.55 66.64 10.39 50.63 16.76 84.05 80.00 51.26 61.30 23.99 60.32 95.20 72.53 42.89 35.93 47.76 39.31 52.74 82.28 79.93 14.98 64.50 91.02 63.44 16.54 75.02 26.85 55.96 58.22 52.98 69.44 31.60 36.30 81.14 94.15 50.20 23.79 14.24 14.20 12.07 95.89 81.88 30.26 75.86 76.22 44.80 65.89 32.40 88.67 39.61 66.16 51.46 77.32 57.73 97.78 73.54 69.76 50.02 42.84 62.47 83.15 55.84 25.57 17.67 19.99 23.19 76.62 21.94 21.29 87.56 24.48 76.52 13.32 84.12 64.84 43.80
26.95 58.18 36.97 22.64 85.57 20.51 55.07 98.99 49.38 63.15 28.74 54.78 97.16 85.10 81.26 18.90 96.82 50.51 61.52 35.88 37.60 25.01 66.96 24.12 97.34 11.57 45.45 75.31 31.50 49.76 98.88 81.02 67.59 41.97 38.65 69.49 83.61 46.54 77.04 86.00 51.34 69.14 75.19 18.35 28.13 44.33 88.97 67.49 13.30 36.74 41.63 10.26 92.07 43.48 36.28 93.70 88.02 35.64 13.36 40.93 75.69 29.91 46.25 51.64 21.73 11.47 84.83 74.77 47.60 87.07 43.86 63.37 71.02 79.01 26.04 63.47 85.38 98.09 52.32 75.90 56.62 43.94 78.33 55.25 60.62 17.81 24.84 13.67 31.88 80.23 44.83 49.73 90.89 75.00 58.00 69.51 89.72 39.36 45.27 77.56
29.14 81.17 35.64 10.53 66.48 35.64 85.37 87.96 64.33 20.62 97.33 86.44 86.64 37.31 72.21 58.01 67.31 90.14 88.66 97.04 42.73 21.06 15.08 18.88 80.05 44.02 56.78 48.06 11.11 47.49 25.56 85.93 72.77 33.51 30.41 42.64 44.40 49.53 47.02 73.30 33.12 72.14 66.93 27.27 85.48 35.43 28.35 36.44 34.90 69.20 59.71 61.33 52.45 31.93 51.41 70.39 34.69 23.34 51.92 53.33 75.26 62.07 53.23 93.34 19.71 15.32 59.55 88.62 95.18 11.16 42.10 22.14 75.14 13.95 90.99 35.57 61.67 43.29 26.95 75.65 10.14 37.01 35.87 55.93 17.76 98.93 36.55 85.06 12.33 18.73 87.92 58.73 63.78 83.16 17.53 54.31 59.00 67.60 27.08 50.24
86.08 55.51 80.22 16.45 32.39 19.42 24.45 90.77 95.49 11.97 58.42 44.99 61.30 49.01 84.01 24.10 89.93 70.24 71.08 41.00 22.32 95.34 30.01 47.14 22.16 33.98 41.94 94.68 88.01 16.24 39.77 48.45 42.32 19.27 97.58 31.89 41.73 49.85 29.68 56.20 34.00 67.39 37.96 24.46 96.45 88.73 87.88 71.09 32.66 65.06 84.97 68.24 58.39 66.04 98.66 12.85 42.75 13.07 74.39 91.87 63.64 29.91 27.16 51.78 24.39 48.42 84.44 26.96 49.96 52.37 46.83 29.42 75.59 77.35 30.26 12.15 14.85 37.25 49.39 98.59 45.03 28.55 84.06 73.96 30.82 93.44 77.42 23.93 78.64 74.17 54.47 20.95 84.08 15.27 41.90 80.67 49.77 72.73 74.90 83.62
52.63 64.20 16.34 19.58 16.04 74.67 28.24 20.53 34.72 86.46 56.20 24.12 27.73 12.05 22.69 18.14 17.04 84.77 57.71 33.48 86.81 97.00 98.72 94.33 42.30 52.97 48.40 86.33 92.78 48.52 44.06 20.77 74.03 60.93 35.60 10.24 37.04 14.22 84.25 89.95 68.59 15.39 73.21 20.44 92.61 45.59 49.23 93.21 25.17 11.46 94.31 95.14 39.95 74.24 91.49 69.32 25.06 69.01 28.39 98.79 21.83 36.69 59.07 48.18 18.27 12.76 90.97 18.98 73.47 11.29 91.52 70.28 15.54 26.22 30.76 52.02 70.60 93.00 84.86 78.31 81.70 57.28 85.68 33.56 28.71 17.83 27.30 34.14 16.59 80.82 21.61 57.92 23.48 80.86 17.61 88.88 96.70 84.54 94.39 31.53
76.98 27.17 64.46 24.49 69.55 61.49 35.62 40.02 54.08 54.39 69.08 31.98 67.99 48.07 48.52 13.95 92.91 75.15 21.63 17.93 88.98 69.22 54.79 46.95 52.52 98.22 88.05 67.59 27.56 88.77 26.48 92.66 37.02 55.43 67.20 38.31 49.69 54.16 78.35 47.47 38.57 83.17 75.77 45.82 26.67 26.66 36.52 94.81 51.98 24.32 35.50 46.27 25.49 85.28 16.59 33.51 58.10 88.31 63.03 44.79 49.28 73.70 46.52 19.72 85.35 54.97 23.98 69.24 13.82 77.76 73.34 98.30 93.48 33.19 88.35 45.92 64.72 22.39 90.23 33.51 14.29 20.95 98.03 41.59 40.93 91.08 20.70 26.88 65.33 29.84 36.58 32.03 12.07 45.89 48.77 59.38 86.35 62.35 62.09 24.28
87.98 48.25 34.65 87.07 52.15 14.60 12.17 69.90 44.67 19.15 43.51 45.89 60.53 35.45 18.97 29.45 24.49 44.87 94.14 12.40 31.58 94.45 92.05 62.55 55.54 12.29 71.83 85.42 70.85 27.47 62.19 34.68 21.21 96.55 42.76 56.77 77.20 78.68 84.67 71.71 97.02 70.56 87.86 29.48 50.97 71.91 40.49 80.79 88.82 49.98 23.76 70.43 43.31 78.56 51.92 77.24 27.74 98.91 39.87 97.11 70.00 23.09 63.84 20.74 83.95 35.93 15.74 55.53 44.31 38.86 10.62 13.63 93.35 83.23 78.73 65.07 92.38 88.94 92.72 85.68 50.67 60.16 27.82 86.88 79.01 23.84 28.89 64.86 79.45 46.57 63.89 73.88 94.02 33.87 12.73 52.18 29.34 39.86 27.44 20.27
42.11 42.16 45.87 94.78 17.95 56.45 20.53 81.84 24.03 86.25 26.25 81.13 15.78 81.22 46.20 78.01 15.33 39.91 62.83 94.04 84.70 58.08 41.57 86.26 17.47 51.20 72.47 64.86 52.95 23.82 68.90 20.96 53.19 77.55 52.19 56.86 67.41 84.86 79.38 22.05 44.13 59.41 79.01 18.92 23.65 31.43 19.13 82.37 66.13 20.08 44.88 54.58 45.04 58.86 79.20 15.62 30.65 13.92 62.15 58.13 70.26 70.83 91.18 56.87 15.48 42.86 40.04 39.59 78.85 74.99 10.60 51.08 31.31 28.25 45.19 32.73 61.94 52.30 16.81 88.62 86.49 85.90 56.22 25.77 78.34 32.35 10.43 49.28 33.59 62.66 11.85 84.56 56.61 90.76 14.48 96.81 84.16 66.04 45.16 16.67
28.42 96.76 39.05 71.79 27.30 20.44 29.33 60.24 90.44 10.66 85.29 40.79 39.50 54.69 12.91 57.17 62.68 38.71 93.88 44.42 96.40 23.37 70.30 96.87 64.43 41.59 82.76 21.89 57.74 58.93 24.30 31.84 18.11 42.38 45.98 42.18 94.31 56.35 98.45 81.29 48.61 34.84 85.37 72.55 71.68 26.74 22.08 86.07 78.65 66.59 58.47 60.55 72.77 76.62 38.75 18.72 52.27 95.92 18.42 18.68 38.34 20.49 38.31 80.20 51.95 78.68 23.60 26.73 88.10 95.26 62.38 82.08 65.27 68.97 56.08 30.25 32.22 95.47 82.18 27.39 37.19 71.51 55.85 39.72 78.58 59.59 65.84 46.51 77.58 39.45 57.26 78.56 58.59 39.50 66.33 77.49 30.93 95.17 98.41 10.02
12.20 37.78 66.51 26.69 83.90 67.25 39.49 73.56 22.86 39.49 66.02 35.16 94.04 19.19 71.60 56.79 40.29 77.36 71.85 94.33 12.21 96.27 56.02 49.49 87.68 39.37 59.42 44.94 19.53 60.92 24.52 88.26 21.16 84.83 48.19 81.40 40.69 73.16 65.07 42.11 55.51 41.35 97.62 47.41 52.93 46.59 75.64 86.59 58.36 65.69 47.10 83.52 45.10 16.18 50.53 11.53 83.35 93.35 45.36 90.28 56.59 52.97 64.34 86.35 92.00 88.31 69.19 11.53 77.04 24.99 98.58 17.12 87.77 74.52 85.62 90.45 89.21 66.81 41.81 33.35 58.48 80.82 66.83 90.00 73.29 70.70 51.53 29.28 61.95 58.67 20.51 55.41 94.39 88.72 64.69 44.99 45.67 44.53 55.83 26.10
19.76 30.87 37.23 83.38 14.19 35.10 76.80 69.33 57.98 34.34 76.61 39.71 55.23 40.02 56.34 82.86 37.87 24.07 90.37 96.72 67.49 72.60 52.92 36.39 16.44 18.41 96.45 43.35 20.07 56.67 56.19 73.82 31.59 98.80 63.12 42.48 36.42 47.94 74.15 20.37 83.34 13.81 58.38 60.91 57.84 15.26 39.11 12.18 23.97 13.91 44.11 45.12 23.29 35.42 45.48 77.32 75.22 44.14 51.12 90.96 20.57 65.19 77.63 14.73 74.88 26.73 64.10 40.10 19.60 36.38 60.58 13.56 31.09 78.19 66.21 21.05 61.45 94.54 62.28 78.47 16.21 97.25 85.00 51.88 48.30 79.86 77.22 30.89 47.55 39.14 29.95 33.78 39.84 35.33 36.41 27.80 27.70 87.80 49.68 28.76
92.97 36.01 37.77 50.10 23.94 50.72 46.70 80.26 92.70 52.12 12.86 62.37 14.16 33.59 79.67 25.61 53.90 92.54 46.89 83.25 22.42 85.21 61.77 46.85 90.85 12.13 68.16 26.85 85.07 81.60 80.98 21.47 92.46 29.49 13.04 85.60 18.50 12.65 25.39 84.80 73.73 37.96 49.83 48.63 44.52 59.36 44.70 73.14 16.85 92.04 48.40 43.86 69.54 54.40 48.02 47.31 35.54 33.06 20.88 17.08 42.74 47.24 57.91 45.65 58.58 75.67 29.09 57.59 35.80 24.80 62.20 12.87 68.47 32.84 38.60 76.32 73.31 13.43 45.11 73.49 67.46 58.46 41.83 46.61 30.89 45.50 70.61 98.73 55.55 81.85 88.27 76.39 71.84 62.72 87.48 24.04 10.65 68.68 17.20 61.48
32.16 72.90 32.06 80.27 94.08 72.42 48.83 25.80 28.67 82.91 90.47 34.05 85.51 59.68 77.65 71.02 33.01 78.88 92.71 48.49 76.46 19.48 34.01 24.57 15.24 93.45 68.86 21.73 39.06 14.09 56.39 26.92 83.55 89.62 34.38 65.15 43.06 60.07 62.60 84.03 29.37 97.13 71.76 88.81 37.01 59.38 41.97 66.05 41.70 88.80 91.68 63.27 15.05 32.59 22.48 91.66 36.35 89.86 36.75 72.50 64.52 87.50 35.07 57.89 16.50 25.75 19.78 40.98 80.75 74.82 70.74 36.46 73.98 20.25 16.51 46.77 15.10 25.73 52.71 16.04 95.89 15.26 20.02 71.73 28.68 98.71 34.88 37.22 38.98 96.39 31.45 50.52 32.98 83.85 66.38 68.86 45.78 58.40 71.45 35.73
51.31 20.08 20.71 64.03 19.67 90.60 43.85 84.19 20.89 22.93 86.81 79.39 69.76 91.17 82.00 17.30 56.36 47.67 71.25 66.54 59.87 75.21 93.00 36.89 34.46 38.05 38.26 85.09 71.55 92.67 27.33 67.11 59.60 81.66 72.73 98.34 45.79 76.27 24.25 35.15 78.52 38.42 85.13 80.18 10.55 24.74 19.07 66.23 18.62 70.32 47.01 60.42 51.48 71.55 36.10 75.59 88.21 67.41 65.59 14.31 85.08 67.23 73.40 35.47 73.94 96.52 40.31 89.87 32.03 98.70 40.68 56.39 27.32 26.08 73.10 35.02 66.45 74.82 76.10 43.57 48.02 69.46 43.77 69.05 91.55 60.89 66.80 50.15 87.21 70.30 36.57 65.57 25.30 20.86 84.50 18.33 38.76 32.54 16.28 76.54
78.68 95.79 66.89 33.25 35.74 66.23 74.32 86.48 69.67 41.32 53.27 49.40 95.54 87.91 84.16 31.14 37.90 34.62 84.21 34.23 25.79 50.40 79.87 96.41 75.89 38.59 75.12 85.14 20.15 93.00 94.01 80.91 59.84 73.46 20.28 86.49 35.44 67.84 67.55 33.11 42.49 20.32 63.85 41.50 49.29 18.87 14.85 82.01 70.15 95.87 30.44 93.71 28.68 81.62 41.94 12.01 85.82 67.10 50.50 70.71 26.65 46.54 33.47 61.86 94.54 27.24 42.37 98.12 66.21 74.77 51.53 79.73 47.16 56.45 67.50 90.97 67.50 59.14 58.41 86.24 72.22 14.36 68.34 94.92 39.64 60.89 35.37 21.68 48.40 48.22 88.86 68.84 25.96 74.35 79.09 16.51 90.36 78.46 80.22 61.49
30.63 37.60 14.01 31.29 71.30 95.43 73.72 58.50 79.93 88.05 34.85 57.56 86.77 40.28 73.28 84.67 18.35 16.10 31.96 86.82 74.10 71.73 85.53 72.07 16.84 19.92 31.68 86.38 55.02 61.31 58.15 67.59 75.57 48.62 65.82 36.81 53.92 90.13 83.33 37.92 82.72 78.04 56.94 54.05 75.63 35.89 16.84 72.46 52.66 24.11 90.74 25.68 11.36 83.56 43.36 82.82 34.86 82.29 48.72 22.36 79.39 81.87 29.98 79.19 58.62 64.89 65.16 22.74 92.51 89.38 62.87 48.19 52.34 87.35 78.09 42.79 94.78 87.83 58.94 24.18 15.01 57.48 72.25 34.01 97.00 63.26 85.80 70.68 33.74 43.71 77.96 57.61 44.61 12.96 91.78 40.53 96.54 10.61 63.98 44.25
31.16 96.14 97.28 13.43 55.61 25.91 54.80 20.64 57.86 96.16 32.14 92.70 26.77 78.32 98.06 72.30 90.14 17.72 14.79 58.94 68.68 27.77 39.87 96.67 90.97 53.11 58.10 44.82 25.65 16.99 30.00 62.06 67.89 37.37 19.29 15.00 75.93 19.96 33.81 77.38 82.34 63.30 10.69 39.77 74.95 24.48 67.24 59.29 32.25 23.13 37.16 46.83 97.59 40.15 64.38 50.21 32.90 36.87 69.65 33.57 43.42 34.90 97.00 10.91 17.13 40.49 81.74 65.43 62.11 39.54 70.94 42.54 73.99 83.72 46.62 57.24 62.57 31.03 82.09 50.59 71.95 16.89 48.45 14.40 93.47 69.17 29.65 88.06 61.13 88.87 85.90 71.67 71.29 42.44 71.26 10.63 30.94 41.23 17.82 96.23
96.54 56.24 48.72 12.80 51.10 67.59 10.30 25.14 46.64 51.21 35.10 72.95 35.60 87.00 47.79 76.32 88.82 37.28 90.40 72.16 31.91 14.11 57.47 83.32 68.68 72.44 95.26 12.61 70.19 18.57 58.24 15.91 21.18 59.42 70.11 27.45 59.11 30.07 72.40 60.61 69.84 61.55 63.68 65.63 24.29 37.22 30.40 82.29 97.27 85.70 38.70 53.31 18.19 14.83 90.43 41.03 27.63 77.26 71.23 20.44 94.28 48.59 40.66 88.80 74.23 89.96 30.46 52.58 71.82 60.24 34.62 91.43 20.68 89.91 19.82 13.76 60.42 40.80 73.08 78.62 31.91 80.75 42.76 78.52 71.86 75.98 25.60 52.61 61.44 80.25 83.92 65.99 95.25 72.53 59.72 13.01 52.42 93.43 60.86 23.47
70.86 60.72 98.69 96.07 67.30 19.97 34.34 22.93 97.62 11.81 83.58 58.57 48.60 54.38 85.73 27.63 45.17 56.31 15.93 82.91 45.89 44.68 13.04 53.07 36.68 49.22 68.57 32.20 28.48 95.10 64.32 14.95 50.90 75.27 24.41 84.05 40.14 34.15 30.55 46.44 94.90 71.18 68.64 70.47 98.85 44.97 20.57 12.23 70.03 61.44 50.22 78.02 27.39 96.22 10.55 42.60 50.46 31.39 49.91 56.01 30.22 52.93 57.42 64.65 51.96 12.16 94.31 76.32 98.20 95.34 43.75 78.04 96.27 30.57 60.08 25.77 21.23 98.83 94.07 79.81 88.01 66.70 93.79 56.22 47.72 65.88 84.34 68.51 55.07 37.00 48.05 66.34 87.04 69.43 26.79 41.83 14.56 66.62 81.04 20.36
74.84 44.18 95.58 38.30 42.02 97.18 53.05 16.39 63.11 66.15 50.02 11.70 59.24 75.14 68.12 65.06 76.78 56.70 26.10 88.64 80.25 59.43 54.89 76.38 27.56 89.95 32.26 12.72 30.04 58.42 96.20 92.48 78.21 24.10 15.59 24.59 57.66 11.84 20.88 98.71 60.71 41.13 80.91 10.97 98.84 60.78 93.04 83.01 79.53 33.67 63.48 49.51 72.94 53.72 63.12 86.51 32.58 52.35 43.99 87.18 72.12 97.86 84.92 34.24 37.84 27.55 67.48 31.36 58.81 17.93 97.27 73.83 51.24 58.33 47.48 74.88 24.08 70.47 77.66 87.92 55.33 68.39 68.67 52.76 20.58 90.93 42.83 88.38 13.75 27.33 78.72 55.79 56.36 19.61 36.24 41.66 51.46 80.86 28.36 45.30
29.92 66.21 12.54 15.55 74.51 14.85 39.96 55.16 31.84 24.83 34.46 77.34 29.89 79.89 89.76 95.42 17.45 78.81 64.37 25.42 21.03 91.15 26.83 73.48 68.45 47.75 61.38 28.27 46.80 33.96 48.45 19.36 45.86 23.41 65.93 17.17 96.17 29.28 80.63 64.21 27.42 87.75 84.24 82.66 36.97 70.19 93.92 21.17 93.96 40.42 26.88 72.04 96.10 70.86 70.52 18.03 58.90 77.03 80.31 84.28 70.64 98.36 14.43 26.51 34.57 34.82 59.10 92.94 23.18 47.62 94.57 52.20 12.99 86.77 92.07 25.81 24.23 84.72 21.44 40.40 85.13 38.22 66.49 64.95 27.79 73.31 63.32 59.58 57.85 62.44 22.22 92.50 88.65 16.73 50.93 56.34 61.14 37.56 72.36 18.31
55.05 28.18 52.08 93.47 17.04 81.60 74.28 36.37 16.93 11.71 62.00 84.36 37.67 16.96 85.58 36.53 95.54 46.58 87.12 66.08 81.18 22.33 64.33 16.59 53.43 49.44 94.31 80.54 71.25 54.50 85.75 14.30 68.05 90.89 82.34 53.43 10.75 38.11 17.20 25.39 39.58 13.82 59.21 33.38 46.19 59.86 55.60 85.64 51.75 51.54 51.11 36.09 42.92 45.12 93.92 53.76 38.10 94.78 57.06 63.80 65.73 86.38 38.71 90.63 48.00 40.22 13.08 60.34 71.09 72.25 18.53 55.23 26.97 48.89 28.05 70.06 21.63 90.81 90.51 67.89 74.60 21.33 73.83 59.98 78.70 22.81 69.73 77.99 50.57 58.20 82.00 24.35 49.22 10.60 93.96 35.96 62.08 39.55 81.16 60.28
34.10 19.28 53.03 90.13 14.96 15.38 20.57 32.48 36.18 83.43 38.69 88.83 76.52 45.83 25.86 36.51 75.50 27.43 79.41 41.04 85.78 64.15 52.80 53.34 39.82 77.01 45.18 91.72 22.47 64.25 74.44 80.00 68.76 22.85 62.29 10.45 46.27 14.46 41.79 62.41 43.04 33.25 70.34 72.61 34.10 61.94 65.55 79.45 93.35 31.27 26.62 46.01 59.00 64.32 20.44 46.77 46.28 21.79 33.95 80.65 11.59 72.96 20.25 46.78 98.11 77.00 29.48 83.53 77.38 17.86 91.23 79.88 12.23 16.44 28.16 81.84 38.33 43.21 36.28 37.10 80.29 81.41 59.85 76.35 75.27 57.55 18.72 73.76 21.72 93.76 79.80 93.43 73.75 81.44 77.53 73.90 49.79 81.20 32.24 25.80
74.38 79.20 92.22 50.74 59.05 59.11 21.77 30.98 56.95 11.10 96.55 65.16 41.90 65.36 37.92 51.92 52.34 38.17 90.16 22.86 70.84 14.36 12.72 77.51 71.64 62.19 57.03 16.63 24.10 77.79 84.98 10.62 85.94 81.06 34.53 69.63 87.47 31.63 13.57 47.38 82.75 52.69 83.24 66.53 58.67 56.98 87.00 87.07 43.00 90.47 84.59 62.27 45.94 70.78 33.33 55.31 34.04 30.57 45.34 81.89 86.95 91.60 92.53 21.84 28.24 42.23 36.91 83.29 74.98 78.94 45.94 30.19 89.61 97.30 96.09 98.53 24.77 85.74 66.56 90.84 51.85 32.15 91.26 44.80 52.48 62.44 47.19 58.56 74.33 80.02 86.86 80.56 26.24 89.33 15.82 62.34 25.32 85.60 68.58 55.42
65.33 90.43 98.52 43.70 49.22 19.31 80.60 22.80 87.78 90.09 55.09 62.73 86.55 52.70 70.97 65.70 18.72 15.68 76.43 90.06 52.81 58.01 35.76 52.16 48.82 21.49 17.99 17.23 73.47 48.15 94.21 75.56 65.58 61.08 16.02 40.66 41.86 51.30 27.48 95.61 91.16 34.68 24.44 24.95 52.48 90.67 28.34 86.60 42.69 84.75 39.92 64.93 93.00 90.67 85.13 43.13 18.21 68.33 96.09 89.11 65.14 76.92 34.14 58.37 61.53 36.73 66.22 51.87 23.00 77.87 92.40 66.74 30.00 40.68 81.19 46.64 84.68 42.83 92.19 42.51 69.55 59.28 80.30 98.33 28.38 17.41 34.23 25.45 34.04 66.78 43.95 39.59 26.72 52.50 49.71 12.02 22.97 37.60 14.38 47.12
44.20 64.40 31.01 91.89 76.83 73.45 77.98 17.66 93.34 23.00 73.42 61.49 89.04 19.89 14.55 55.45 44.40 51.27 66.61 27.98 90.00 90.20 98.35 37.95 23.60 50.20 37.26 62.66 79.40 45.47 49.40 78.25 19.98 60.11 72.23 98.57 21.23 80.23 34.02 69.83 20.68 47.29 48.54 15.64 52.10 46.73 86.55 94.85 21.96 96.99 55.64 65.95 24.46 79.23 88.22 98.77 27.91 58.80 19.73 66.97 86.10 12.66 53.56 44.63 10.19 45.97 36.32 48.62 98.82 24.15 56.18 48.17 82.24 29.34 91.93 43.00 29.78 40.81 32.29 79.38 89.56 78.05 24.62 47.10 66.23 52.91 24.47 81.95 80.84 87.09 28.67 65.95 90.02 68.55 11.22 32.67 41.10 68.49 78.68 18.64
32.89 14.51 53.92 32.63 64.92 37.28 39.76 39.39 62.67 24.62 20.99 82.35 12.11 36.59 85.04 66.37 19.41 49.80 89.97 38.68 15.19 92.70 26.86 52.37 72.20 76.40 61.16 20.75 98.32 78.40 72.71 86.65 14.36 35.95 87.48 48.43 92.99 46.70 62.90 20.58 32.42 79.11 79.22 59.85 74.94 56.06 46.38 30.23 58.61 94.61 76.22 63.21 59.39 53.68 49.28 36.73 41.90 12.06 54.57 94.93 95.90 42.33 85.96 28.19 27.79 53.42 56.04 35.28 56.58 90.71 81.64 83.72 25.86 45.91 32.03 37.31 13.36 86.06 77.06 16.90 57.86 22.48 35.09 91.39 56.60 93.09 54.24 31.18 20.40 16.62 38.33 85.86 43.87 54.47 47.60 12.98 66.67 35.91 78.60 55.56
90.13 70.76 23.69 44.64 51.36 60.09 92.07 31.27 71.36 50.56 24.60 44.77 72.12 77.01 92.21 11.52 87.41 97.76 10.30 37.88 24.37 90.32 53.46 26.28 49.21 46.07 76.82 13.69 42.74 12.88 13.41 25.74 88.55 57.19 55.59 17.06 71.86 79.17 82.00 68.49 17.21 12.12 94.03 40.36 96.94 93.16 34.59 73.25 60.90 60.62 92.26 51.36 38.37 59.80 43.33 87.12 17.20 42.95 82.93 42.50 47.18 58.86 58.40 22.66 79.76 89.91 31.20 50.25 68.18 66.30 83.96 26.57 44.13 16.80 41.06 86.81 90.55 59.72 33.83 20.16 10.58 31.68 25.24 11.39 72.38 70.50 57.53 43.52 88.98 30.83 82.49 89.36 90.70 70.89 29.44 30.05 28.62 68.48 20.39 98.82
40.55 32.26 98.19 64.02 40.72 85.22 22.75 78.92 25.72 25.38 74.27 36.62 16.55 97.96 77.54 46.30 82.26 61.77 23.76 58.07 83.32 90.81 97.88 71.26 33.99 49.17 72.05 11.14 16.82 55.45 86.63 79.37 32.38 30.97 28.13 60.98 55.04 69.94 23.54 76.08 46.20 44.43 96.29 33.81 69.16 58.97 62.90 65.41 31.53 74.96 44.95 81.83 96.41 13.82 70.51 56.75 46.71 56.78 41.57 26.61 94.01 94.72 56.98 90.40 70.98 68.69 32.70 71.66 81.33 18.08 53.47 15.92 92.32 29.65 16.05 92.47 52.91 53.95 17.98 57.51 95.34 50.80 93.76 89.84 75.74 41.87 86.14 13.53 25.45 56.40 31.12 65.30 65.19 33.61 98.02 44.99 21.72 19.67 33.85 91.83
76.34 10.26 14.06 16.36 39.75 39.69 90.65 19.24 62.04 14.22 65.81 19.80 14.05 20.92 51.20 86.11 77.85 69.71 28.78 78.06 14.48 61.28 33.17 90.91 24.45 38.27 57.81 82.68 43.40 25.68 90.13 40.13 85.12 50.38 53.03 90.46 41.53 79.35 73.98 17.81 42.03 93.62 68.23 22.90 58.85 62.28 38.85 60.05 56.17 36.35 24.45 14.91 67.76 75.43 44.59 73.50 96.57 69.35 94.21 73.43 78.29 20.02 24.94 53.00 39.61 60.19 85.13 32.76 68.63 23.67 90.48 16.02 35.31 94.93 73.25 98.81 67.44 14.74 87.79 26.31 80.13 25.16 98.43 27.20 20.29 74.85 32.09 88.24 78.69 74.96 42.65 73.31 31.29 81.14 91.01 87.08 28.32 36.71 91.14 33.07
17.92 18.37 33.99 80.43 61.80 26.00 65.52 71.09 12.05 56.00 80.02 68.16 19.86 13.36 65.26 75.51 10.86 31.01 26.74 53.66 31.65 84.33 25.71 77.92 11.20 88.75 49.26 70.61 66.21 83.59 30.54 83.25 19.26 68.23 16.64 35.72 46.94 82.63 49.05 49.77 58.16 89.97 51.35 34.17 39.13 59.08 15.83 12.72 94.52 42.40 42.83 26.52 50.42 87.35 11.84 68.42 36.28 19.06 37.18 43.59 21.51 25.43 77.71 37.49 32.53 65.03 74.98 40.85 73.02 24.68 76.98 44.95 41.11 91.20 58.46 82.41 48.84 50.19 59.58 86.97 58.80 55.10 16.53 12.15 47.99 45.51 78.47 30.07 35.77 33.76 53.39 98.31 40.85 20.19 45.89 28.17 28.36 87.07 66.25 29.03
62.19 32.88 38.67 76.22 12.39 59.35 51.02 47.53 61.16 56.48 13.27 76.71 51.42 52.84 45.15 70.48 54.91 16.73 58.05 38.40 64.84 46.99 26.43 66.49 36.80 15.36 25.80 97.41 63.35 65.22 72.51 77.14 78.87 93.40 86.31 93.10 82.57 79.65 46.64 47.51 72.87 90.21 24.22 54.15 19.69 92.89 34.38 40.37 33.07 18.83 76.95 21.66 24.88 66.88 83.32 11.46 50.64 16.68 52.38 83.16 16.88 91.44 17.24 91.05 36.70 75.69 23.95 23.77 62.46 29.67 61.90 82.61 86.00 75.51 57.94 30.42 65.05 92.85 33.38 60.34 92.15 68.70 82.61 82.32 77.55 68.01 37.75 10.01 73.67 66.96 87.09 31.97 42.59 23.28 20.05 68.81 94.35 77.73 93.55 13.74
31.13 40.34 66.05 26.15 21.25 24.39 43.05 93.49 74.00 69.28 85.00 51.43 39.64 46.43 54.93 97.83 22.88 29.77 25.87 32.69 96.54 12.25 44.20 96.63 44.37 49.07 65.29 88.09 47.98 58.42 95.72 56.03 90.78 60.32 19.62 60.94 26.72 84.88 50.21 82.81 53.25 82.56 43.57 42.84 67.98 50.99 94.44 57.41 94.46 34.30 56.86 70.61 25.45 80.14 93.41 64.37 96.97 58.07 95.51 92.77 96.68 12.76 20.30 20.95 45.61 35.65 28.08 49.32 47.17 48.14 53.72 76.06 14.43 43.04 11.13 10.99 67.31 68.19 84.46 44.67 27.23 32.66 62.63 21.81 45.85 55.83 55.96 22.91 30.62 60.13 96.81 12.14 97.06 57.38 70.06 61.01 70.53 27.24 88.19 91.01
59.11 96.82 46.28 64.59 41.68 74.02 96.77 35.65 16.41 97.11 62.79 58.54 17.14 94.14 23.66 31.76 15.77 17.01 96.45 15.92 62.65 47.29 48.88 87.92 59.97 56.06 49.01 90.14 62.48 14.91 49.11 18.13 65.02 11.89 74.86 53.22 44.47 59.44 28.87 20.01 40.99 98.03 67.69 14.79 43.32 74.36 44.41 75.67 45.17 92.98 54.93 29.89 39.86 97.78 98.50 40.97 38.46 25.24 44.65 78.70 16.07 25.86 53.19 80.49 14.71 87.94 53.14 72.52 46.27 59.42 14.76 49.01 71.30 94.04 21.42 28.88 28.40 35.24 74.40 19.31 75.49 54.84 22.52 55.38 88.81 34.95 58.67 32.41 75.13 36.66 33.85 72.17 80.67 83.70 80.09 17.25 42.92 49.69 76.28 49.12
24.53 11.24 98.13 51.22 14.22 11.34 15.39 28.75 81.87 24.06 95.67 55.92 77.36 30.00 60.27 53.81 77.58 60.16 70.17 25.84 33.12 61.77 18.54 65.22 42.63 63.17 19.47 87.07 27.92 30.10 20.49 82.09 98.75 50.15 76.19 21.60 19.55 86.54 52.53 19.38 44.22 93.79 54.91 69.87 34.20 66.47 26.48 22.46 96.76 56.02 88.90 45.58 47.45 59.07 93.42 67.57 52.29 55.32 20.47 22.08 84.52 53.24 97.52 23.69 39.87 59.00 60.52 26.31 80.78 23.41 87.64 42.36 61.00 39.11 27.23 24.18 49.56 10.63 42.75 39.35 18.47 37.20 72.25 11.96 86.25 37.33 97.47 38.01 56.70 15.83 71.57 31.05 87.19 91.05 47.12 58.90 53.90 88.77 27.06 78.29
32.39 22.93 80.29 22.50 21.50 60.16 76.41 20.50 64.87 70.73 82.38 79.21 85.15 41.90 67.73 52.71 40.63 57.75 40.84 46.76 82.90 43.41 26.06 49.07 87.90 60.33 66.67 63.02 18.45 15.47 38.87 86.00 27.69 97.80 72.60 72.99 29.03 54.22 98.60 78.08 95.65 55.46 42.95 46.48 24.33 96.57 59.17 86.01 66.23 31.31 91.53 75.15 97.88 63.09 78.31 73.02 10.94 38.71 71.89 15.80 66.88 73.22 26.54 48.52 83.12 85.89 62.36 35.23 26.41 76.77 39.95 49.35 24.04 66.13 27.10 28.94 98.12 51.88 15.43 18.39 17.74 77.91 70.62 40.58 12.43 83.69 47.72 65.31 15.67 89.37 93.96 50.71 46.55 76.87 48.03 32.89 73.12 69.68 30.77 83.41
10.37 77.59 59.09 12.47 43.20 95.02 80.22 52.49 71.89 64.40 19.66 58.94 28.42 66.15 67.14 72.90 47.09 80.84 98.17 95.98 24.80 98.99 41.30 11.11 22.66 53.46 90.00 15.92 85.22 96.94 13.32 24.92 92.84 10.61 59.10 68.16 47.99 33.20 53.57 83.78 48.99 44.23 55.60 23.11 79.42 62.81 16.16 43.97 79.54 76.30 96.24 14.61 17.86 52.50 29.10 64.75 65.82 95.84 85.15 45.78 86.72 51.55 79.90 58.09 21.55 74.35 78.74 82.24 48.43 33.75 60.30 24.20 42.54 89.73 66.40 43.93 69.92 76.35 46.85 60.91 52.33 89.92 79.17 86.73 30.52 87.55 63.38 84.76 79.45 43.52 55.19 91.79 15.48 34.57 76.16 82.87 32.66 51.19 44.89 61.23
91.81 83.52 63.42 38.01 92.16 11.58 73.63 94.40 88.16 69.89 55.20 64.38 65.58 18.84 94.11 56.23 50.36 69.92 36.49 63.88 38.66 90.62 94.37 80.54 49.81 37.66 70.40 26.38 62.92 37.35 88.15 22.27 59.62 39.48 12.89 91.02 47.82 36.29 71.68 61.41 11.08 50.69 39.28 93.43 94.31 56.89 61.70 48.55 70.47 23.62 69.55 47.05 21.60 96.41 70.00 10.18 79.18 22.55 98.29 46.76 62.99 85.92 53.36 46.13 15.62 36.20 40.45 87.43 24.97 31.73 49.35 13.50 57.07 36.48 45.79 24.47 44.38 76.86 10.94 30.54 11.48 39.26 35.93 29.92 80.21 43.70 12.50 36.89 39.17 70.86 91.42 75.73 92.34 80.92 58.40 93.47 95.01 48.98 59.74 73.42
57.88 34.35 62.90 93.49 29.96 87.94 52.64 10.78 82.32 49.48 20.45 57.66 32.27 69.99 16.36 46.08 78.78 86.74 18.65 96.40 72.36 72.67 95.83 58.23 18.99 11.58 96.88 86.54 76.72 43.16 12.69 71.50 85.00 87.07 32.46 72.39 93.09 84.52 34.19 37.15 44.68 13.89 55.46 62.07 45.94 84.28 75.15 17.93 57.12 79.12 70.59 76.07 19.48 56.39 92.79 31.13 40.74 62.70 42.67 82.64 15.72 89.77 45.03 79.21 60.36 19.30 90.38 43.86 58.32 75.90 51.22 48.13 96.54 41.66 60.67 95.22 21.74 62.86 36.27 81.87 27.57 83.82 45.74 61.54 13.65 35.12 96.55 55.72 71.93 23.95 28.83 41.23 18.46 71.17 89.52 91.72 48.52 98.22 22.73 87.11
39.14 58.88 93.45 44.58 25.52 60.28 50.54 58.77 81.69 86.86 79.39 64.10 38.09 93.29 21.54 77.99 11.19 11.70 46.92 13.52 59.94 79.56 61.15 46.69 76.40 21.01 45.15 84.44 11.98 56.72 68.40 39.71 65.89 38.60 44.73 33.96 95.31 64.79 44.09 79.25 67.35 26.73 66.23 22.31 81.89 17.09 83.39 47.62 13.67 11.21 85.51 42.53 47.57 10.06 11.90 30.91 15.72 92.50 50.50 15.69 95.77 79.17 27.14 54.58 58.87 66.44 89.19 44.21 83.99 23.04 75.49 58.68 75.30 14.74 31.33 20.63 39.34 86.65 61.43 58.27 48.32 94.24 87.22 80.84 84.81 31.12 86.15 74.92 56.85 52.04 15.08 19.83 58.41 91.57 68.09 97.41 68.64 33.93 26.94 84.38
74.21 80.08 93.29 20.73 58.93 30.71 88.75 67.83 64.18 92.27 84.43 93.88 13.84 10.15 56.70 75.87 33.81 54.56 83.92 61.24 48.04 19.48 68.95 54.18 56.04 43.90 78.12 86.02 67.28 29.71 67.35 69.30 39.22 22.87 10.47 14.59 21.86 96.99 13.33 56.11 88.36 88.60 74.13 10.64 70.50 33.41 21.48 37.72 40.95 39.50 98.35 30.06 71.08 62.19 46.52 87.50 19.70 66.06 41.52 29.66 56.13 17.49 64.42 39.10 75.02 98.33 82.87 32.28 95.74 11.14 48.47 76.43 90.20 33.99 26.37 31.78 38.09 35.61 19.89 86.38 41.06 68.74 42.49 83.68 76.96 46.86 14.47 24.62 89.02 43.43 45.81 97.88 22.00 38.76 25.93 59.13 33.83 27.98 71.17 63.92
59.26 61.02 45.57 33.71 83.77 36.61 38.46 84.34 47.22 52.29 70.43 35.72 76.93 68.65 74.27 90.73 51.26 45.03 92.26 84.71 68.67 68.76 98.10 95.25 69.86 43.60 87.69 63.58 68.44 97.93 45.74 23.87 40.06 24.46 55.89 79.68 95.79 43.38 72.76 60.91 83.73 85.62 57.71 72.16 77.52 13.58 75.85 34.45 58.72 82.89 88.67 76.46 70.04 14.97 65.41 33.32 81.12 75.98 38.93 32.33 32.76 18.54 18.85 72.59 28.12 87.54 76.00 65.59 23.06 98.89 84.78 43.98 32.82 72.66 76.78 75.50 34.96 45.84 73.65 72.25 17.35 67.55 40.79 40.15 51.31 82.15 43.94 60.84 72.70 64.17 41.05 94.68 60.35 29.88 52.06 36.10 52.52 41.30 12.67 89.31
24.27 79.05 53.33 58.57 91.61 69.98 84.95 87.74 31.75 29.44 94.32 29.77 27.08 33.45 39.77 67.15 19.84 34.57 44.31 51.99 18.51 36.99 31.13 79.47 48.15 82.51 49.19 26.63 60.58 49.24 75.49 32.06 66.22 83.10 65.78 19.63 75.42 73.58 36.46 10.67 30.40 71.29 54.54 48.11 81.20 91.19 10.89 66.10 10.36 23.43 61.23 67.12 18.76 61.36 13.15 16.15 17.06 61.07 19.15 11.43 44.18 71.89 60.47 43.86 98.31 87.90 35.19 44.33 11.60 48.21 94.49 11.11 53.48 58.31 86.47 14.95 29.31 46.88 54.06 14.26 16.77 26.44 79.82 46.21 91.52 81.55 77.33 80.01 35.47 51.25 29.04 25.66 27.31 39.00 33.86 29.34 72.77 45.54 20.41 90.49
78.69 79.25 15.70 40.98 47.87 34.85 49.39 76.27 58.12 90.23 85.50 12.75 38.78 41.07 55.60 64.02 73.59 57.62 43.93 48.58 21.59 67.92 47.61 25.66 75.05 87.98 86.24 76.42 58.92 13.06 77.50 25.35 56.13 88.46 57.65 46.48 87.13 25.94 46.87 68.46 93.97 54.14 25.40 18.12 67.52 11.54 69.49 86.18 32.52 36.08 19.36 42.44 95.50 58.86 31.24 22.62 92.67 33.63 36.25 37.22 32.62 95.80 39.15 65.04 15.07 54.36 59.29 69.21 98.60 22.02 80.35 44.27 28.62 52.30 62.16 15.65 61.78 39.04 81.60 28.26 52.65 73.09 59.96 63.00 14.20 49.72 95.13 82.52 22.48 54.16 35.45 37.66 53.75 26.70 17.86 38.44 28.20 87.21 75.05 84.45